27 - 專案時程
*此題須使用struct實作，否則不予計分。
(使用struct進行實作並通過所有測資才予以給分，期末會進行檢查)

開發專案時，
專案會被分割為許多項目，分配給多組程式設計師開發。
但這些項目是有順序關係，只有當順序在前的項目完成，才能開始開發順序在後的項目。
用一個有向無環圖，表示這些開發順序。
每個節點代表一個項目，節點內的數字為節點編號， 上方所列數字代表開發這個項目所需天數；
邊表示開發順序。
以下方敘述為例，只有在節點2完成後，才能開始節點4的開發。
同理，只有在節點3與節點4都完成後，才能開始節點5的開發。
一軟體公司的專案準備開始開發，你是公司專案經理，根據開發流程圖，
老闆想知道專案要多久才能完成。

------------------------------------------------------------------

例子 :
節點1→6天
節點2→5天
節點3→11天
節點4→4天
節點5→8天

節點1→節點2→節點4→節點5
↓
節點3______________↗

備註: 本題可參考上課講義page.463，有較清楚的圖

------------------------------------------------------------------

輸入說明 :
第一行是整數，代表後續測試資料組數。
每組測試資料代表專案有向圖。
每組測試資料的第一行是正整數N，代表專案共有 N 個工作事項(節點)，N<=100。
接下來N 行測試資料，每一行依序代表一個項目節點(從第1個節點開始)，
第一個正整數表示完成這個項目所需天數，
第二個正整數 K 表示這個節點有K 條指向其他節點的邊，
接下來K 個正整數表示所指向的項目節點編號。

輸出說明 :
完成所有工作事項所需要的時間 (參考下方說明)

---------------------------------------------------------------------------

範例輸入1 說明:
2 共有兩組專案測試資料
2 第一組專案有兩個工作項目（節點）
8 1 2 第一個工作項目需8天完成，有一個工作項目(第二個工作項目)需等第一個工作項目完成後才能進行。
2 0 第二個工作項目需要2天才能完成
5 第二組專案有五個工作項目（節點）
6 2 2 3 第一個工作項目需6天才能完成，有兩個工作項目（第二、三個工作項目）需等第一個工作項目完成後才能進行。
5 1 4 第二個工作項目需要5天才能完成，有一個工作項目（第四個工作項目）需等第二個工作項目完成後才能進行。
11 1 5 第三個工作項目需要11天才能完成，有一個工作項目（第五個工作項目）需等第三個工作項目完成後才能進行。
4 1 5 第四個工作項目需要4天才能完成，有一個工作項目（第五個工作項目）需等第四個工作項目完成後才能進行。
8 0 第五個工作項目需要8天才能完成

範例輸出1 說明:
10 第二個工作項目需要等第一個工作項目完成，8+2=10。
25 第五個工作項目需要等第三、第四個工作項目完成，完成第三個工作項目需要6+11天，完成第四個工作項目需要6+5+4天，所以第五個工作項目需要6+11+8=25。

---------------------------------------------------------------------------

範例測資6 說明:
該組測資有20個工作項目，但這20個工作項目均可以同時進行，當這20個工作項目中，所需時間最長的工作項目完成後，即可宣告專案完成，因此輸出為時間最長的39天。

---------------------------------------------------------------------------

Sample Input 1:
2
2
8 1 2
2 0
5
6 2 2 3
5 1 4
11 1 5
4 1 5
8 0

Sample Output 1:
10
25

---------------------------------------------------------------------------

Sample Input 2:
1
11
1 2 2 4
2 1 3
3 2 4 5
4 1 5
5 1 6
6 3 7 8 9
7 2 8 10
8 2 9 10
9 1 11
10 1 11
11 0

Sample Output 2:
57

---------------------------------------------------------------------------

Sample Input 3:
1
9
1 1 2
6 2 3 4
5 2 4 5
11 1 6
4 1 6
8 2 7 9
9 1 8
1 1 9
10 0

Sample Output 3:
51

---------------------------------------------------------------------------

Sample Input 4:
1
100
1 1 2
2 1 3
3 1 4
4 1 5
5 1 6
6 1 7
7 1 8
8 1 9
9 1 10
10 1 11
11 1 12
12 1 13
13 1 14
14 1 15
15 1 16
16 1 17
17 1 18
18 1 19
19 1 20
20 1 21
21 1 22
22 1 23
23 1 24
24 1 25
25 1 26
26 1 27
27 1 28
28 1 29
29 1 30
30 1 31
31 1 32
32 1 33
33 1 34
34 1 35
35 1 36
36 1 37
37 1 38
38 1 39
39 1 40
40 1 41
41 1 42
42 1 43
43 1 44
44 1 45
45 1 46
46 1 47
47 1 48
48 1 49
49 1 50
50 1 51
51 1 52
52 1 53
53 1 54
54 1 55
55 1 56
56 1 57
57 1 58
58 1 59
59 1 60
60 1 61
61 1 62
62 1 63
63 1 64
64 1 65
65 1 66
66 1 67
67 1 68
68 1 69
69 1 70
70 1 71
71 1 72
72 1 73
73 1 74
74 1 75
75 1 76
76 1 77
77 1 78
78 1 79
79 1 80
80 1 81
81 1 82
82 1 83
83 1 84
84 1 85
85 1 86
86 1 87
87 1 88
88 1 89
89 1 90
90 1 91
91 1 92
92 1 93
93 1 94
94 1 95
95 1 96
96 1 97
97 1 98
98 1 99
99 1 100
100 0

Sample Output 4:
5050

---------------------------------------------------------------------------

Sample Input 5:
1
8
3 2 2 8
4 2 3 8
5 2 4 8
6 2 5 8
7 2 6 8
8 2 7 8
9 1 8
20 0

Sample Output 5:
62

---------------------------------------------------------------------------

Sample Input 6:
1
20
1 0
3 0
5 0
7 0
9 0
11 0
13 0
15 0
17 0
19 0
21 0
23 0
25 0
27 0
29 0
31 0
33 0
35 0
37 0
39 0

Sample Output 6:
39

---------------------------------------------------------------------------

Sample Input 7:
1
10
1 3 2 3 4
10 1 5
15 1 5
20 1 5
5 3 6 7 8
16 1 9
14 1 9
27 1 9
7 1 10
12 0

Sample Output 7:
72

---------------------------------------------------------------------------

Sample Input 8:
1
7
2 2 2 3
3 1 4
6 1 5
11 2 6 7
9 1 7
10 0
7 0

Sample Output 8:
26