32 - 結構排序
*此題須使用struct實作，否則不予計分。
(使用struct進行實作並通過所有測資才予以給分，期末會進行檢查)

排序是很重要的

本題給予多組資料，希望你可以將資料做由小到大做排序

排序的規則如下：
先以每組資料中的第一個數字排序，
若相同，再比較第二個數字...以此類推。

--------------------------------------------------------

輸入說明:
第一行輸入兩個數字N、M，表示有N組資料，每組資料有M個數字
接下來N行，每行有M個數字

輸出說明：
輸出以組為單位的資料排序後的結果

--------------------------------------------------------

Sample Input 1：
8 3
1 2 3
4 2 9
8 3 1
7 1 5
4 8 2
1 1 1
1 0 1
2 2 2

Sample Output 1：
1 0 1
1 1 1
1 2 3
2 2 2
4 2 9
4 8 2
7 1 5
8 3 1

--------------------------------------------------------

Sample Input 2：
6 4
1 2 3 4
1 2 3 3
1 1 3 4
0 1 3 3
0 1 2 3
0 0 2 3

Sample Output 2：
0 0 2 3
0 1 2 3
0 1 3 3
1 1 3 4
1 2 3 3
1 2 3 4

--------------------------------------------------------

Sample Input 3：
10 2
9 8
8 7
7 6
6 5
5 4
4 3
3 2
2 1
1 0
0 9

Sample Output 3：
0 9
1 0
2 1
3 2
4 3
5 4
6 5
7 6
8 7
9 8

--------------------------------------------------------

Sample Input 4：
3 10
1 2 3 4 5 6 7 8 9 101
1 2 3 4 5 6 7 8 9 10
1 2 3 4 5 6 7 8 9 1001

Sample Output 4：
1 2 3 4 5 6 7 8 9 10
1 2 3 4 5 6 7 8 9 101
1 2 3 4 5 6 7 8 9 1001

--------------------------------------------------------

Sample Input 5：
10 10
9 8 6 4 6 1 5 8 4 3
3 0 7 9 4 6 6 4 6 2
3 4 8 2 4 7 3 0 1 1
8 6 6 7 4 2 2 3 2 3
9 3 3 6 0 4 2 8 2 6
1 3 7 3 3 5 3 0 9 0
2 0 2 4 9 3 3 7 1 0
3 5 6 8 5 7 2 9 7 3
2 7 9 3 2 3 9 1 0 6
4 9 9 9 5 9 1 0 8 9

Sample Output 5：
1 3 7 3 3 5 3 0 9 0
2 0 2 4 9 3 3 7 1 0
2 7 9 3 2 3 9 1 0 6
3 0 7 9 4 6 6 4 6 2
3 4 8 2 4 7 3 0 1 1
3 5 6 8 5 7 2 9 7 3
4 9 9 9 5 9 1 0 8 9
8 6 6 7 4 2 2 3 2 3
9 3 3 6 0 4 2 8 2 6
9 8 6 4 6 1 5 8 4 3